Gray8, 150

gamma=normal
000A8:       Command    /24 00 00 00 00 00 00 00 48 00 (Set Window)
000B2:          Data-Out/00 00 00 00 00 00 00 40 00 00 00 96 00 96 00 00 
000C2:                   00 00 00 00 00 00 00 00 0B 00 00 00 10 CC 7F 7F 
000D2:                   00 02 08 00 00 00 00 00 00 00 00 00 00 00 00 00 
000E2:                   00 00 00 30 00 00 00 00 00 00 0B 00 00 00 10 CC 
000F2: (000048)          00 00 00 00 00 00 00 00 

gamma=from CRT
005C0:       Command    /24 00 00 00 00 00 00 00 48 00 (Set Window)
005CA:          Data-Out/00 00 00 00 00 00 00 40 00 00 00 96 00 96 00 00 
005DA:                   00 00 00 00 00 00 00 00 0B 00 00 00 10 CC 7F 7F 
005EA:                   00 02 08 00 00 00 00 00 00 00 00 00 00 00 00 00 
005FA:                   00 00 00 30 01 00 00 00 00 00 0B 00 00 00 10 CC 
0060A: (000048)          00 00 00 00 00 00 00 00 
