BW, 150

halftone pattern = Bayer 64
00035:       Command    /24 00 00 00 00 00 00 00 48 00 (Set Window)
0003F:          Data-Out/00 00 00 00 00 00 00 40 00 00 00 96 00 96 00 00 
0004F:                   00 00 00 00 00 00 00 00 0B 00 00 00 10 CC 42 42 
0005F:                   A5 01 01 00 00 00 00 00 00 00 00 00 00 00 00 00 
0006F:                   00 00 00 30 00 00 00 00 00 00 0B 00 00 00 10 CC 
0007F: (000048)          00 00 00 00 00 00 00 00 

halftone pattern = Bayer 16
00035:       Command    /24 00 00 00 00 00 00 00 48 00 (Set Window)
0003F:          Data-Out/00 00 00 00 00 00 00 40 00 00 00 96 00 96 00 00 
0004F:                   00 00 00 00 00 00 00 00 0B 00 00 00 10 CC 42 42 
0005F:                   A5 01 01 00 01 00 00 00 00 00 00 00 00 00 00 00 
0006F:                   00 00 00 30 00 00 00 00 00 00 0B 00 00 00 10 CC 
0007F: (000048)          00 00 00 00 00 00 00 00 

halftone pattern = Dot 32
00035:       Command    /24 00 00 00 00 00 00 00 48 00 (Set Window)
0003F:          Data-Out/00 00 00 00 00 00 00 40 00 00 00 96 00 96 00 00 
0004F:                   00 00 00 00 00 00 00 00 0B 00 00 00 10 CC 42 42 
0005F:                   A5 01 01 00 02 00 00 00 00 00 00 00 00 00 00 00 
0006F:                   00 00 00 30 00 00 00 00 00 00 0B 00 00 00 10 CC 
0007F: (000048)          00 00 00 00 00 00 00 00 

halftone pattern = Dot 64
0024B:       Command    /24 00 00 00 00 00 00 00 48 00 (Set Window)
00255:          Data-Out/00 00 00 00 00 00 00 40 00 00 00 96 00 96 00 00 
00265:                   00 00 00 00 00 00 00 00 0B 00 00 00 10 CC 42 42 
00275:                   A5 01 01 00 03 00 00 00 00 00 00 00 00 00 00 00 
00285:                   00 00 00 30 00 00 00 00 00 00 0B 00 00 00 10 CC 
00295: (000048)          00 00 00 00 00 00 00 00 

halftone pattern = Error diffusion
00461:       Command    /24 00 00 00 00 00 00 00 48 00 (Set Window)
0046B:          Data-Out/00 00 00 00 00 00 00 40 00 00 00 96 00 96 00 00 
0047B:                   00 00 00 00 00 00 00 00 0B 00 00 00 10 CC 42 42 
0048B:                   A5 01 01 00 04 00 00 00 00 00 00 00 00 00 00 00 
0049B:                   00 00 00 30 00 00 00 00 00 00 0B 00 00 00 10 CC 
004AB: (000048)          00 00 00 00 00 00 00 00 

