BW, 150 dpi

image emphasis = smooth
000A8:       Command    /24 00 00 00 00 00 00 00 48 00 (Set Window)
000B2:          Data-Out/00 00 00 00 00 00 00 40 00 00 00 96 00 96 00 00 
000C2:                   00 00 00 00 00 00 00 00 0B 00 00 00 10 CC 7F 7F 
000D2:                   00 00 01 00 00 00 00 00 00 00 00 00 00 00 00 00 
000E2:                   00 00 00 80 00 00 00 00 00 00 0B 00 00 00 10 CC 
000F2: (000048)          00 00 00 00 00 00 00 00 

image emphasis = none
002BE:       Command    /24 00 00 00 00 00 00 00 48 00 (Set Window)
002C8:          Data-Out/00 00 00 00 00 00 00 40 00 00 00 96 00 96 00 00 
002D8:                   00 00 00 00 00 00 00 00 0B 00 00 00 10 CC 7F 7F 
002E8:                   00 00 01 00 00 00 00 00 00 00 00 00 00 00 00 00 
002F8:                   00 00 00 00 00 00 00 00 00 00 0B 00 00 00 10 CC 
00308: (000048)          00 00 00 00 00 00 00 00 

image emphasis = low
004D4:       Command    /24 00 00 00 00 00 00 00 48 00 (Set Window)
004DE:          Data-Out/00 00 00 00 00 00 00 40 00 00 00 96 00 96 00 00 
004EE:                   00 00 00 00 00 00 00 00 0B 00 00 00 10 CC 7F 7F 
004FE:                   00 00 01 00 00 00 00 00 00 00 00 00 00 00 00 00 
0050E:                   00 00 00 01 00 00 00 00 00 00 0B 00 00 00 10 CC 
0051E: (000048)          00 00 00 00 00 00 00 00 


image emphasis = medium
006EA:       Command    /24 00 00 00 00 00 00 00 48 00 (Set Window)
006F4:          Data-Out/00 00 00 00 00 00 00 40 00 00 00 96 00 96 00 00 
00704:                   00 00 00 00 00 00 00 00 0B 00 00 00 10 CC 7F 7F 
00714:                   00 00 01 00 00 00 00 00 00 00 00 00 00 00 00 00 
00724:                   00 00 00 30 00 00 00 00 00 00 0B 00 00 00 10 CC 
00734: (000048)          00 00 00 00 00 00 00 00 


image emphasis = high
00900:       Command    /24 00 00 00 00 00 00 00 48 00 (Set Window)
0090A:          Data-Out/00 00 00 00 00 00 00 40 00 00 00 96 00 96 00 00 
0091A:                   00 00 00 00 00 00 00 00 0B 00 00 00 10 CC 7F 7F 
0092A:                   00 00 01 00 00 00 00 00 00 00 00 00 00 00 00 00 
0093A:                   00 00 00 50 00 00 00 00 00 00 0B 00 00 00 10 CC 
0094A: (000048)          00 00 00 00 00 00 00 00 





