BW, 150, BC

auto ? = none
00035:       Command    /24 00 00 00 00 00 00 00 48 00 (Set Window)
0003F:          Data-Out/00 00 00 00 00 00 00 40 00 00 00 96 00 96 00 00 
0004F:                   00 00 00 00 00 00 00 00 0B 00 00 00 10 CC 7F 7F 
0005F:                   00 00 01 00 00 00 00 00 00 00 00 00 00 00 00 00 
0006F:                   00 00 00 30 00 00 00 00 00 00 0B 00 00 00 10 CC 
0007F: (000048)          00 00 00 00 00 00 00 00 

auto ? = mode 1
0024B:       Command    /24 00 00 00 00 00 00 00 48 00 (Set Window)
00255:          Data-Out/00 00 00 00 00 00 00 40 00 00 00 96 00 96 00 00 
00265:                   00 00 00 00 00 00 00 00 0B 00 00 00 10 CC 00 00 
00275:                   00 00 01 00 00 00 00 00 00 00 00 00 00 00 00 00 
00285:                   00 00 00 00 00 00 00 00 00 00 0B 00 00 00 10 CC 
00295: (000048)          00 00 80 00 00 00 00 00 

auto ? = mode 2
00461:       Command    /24 00 00 00 00 00 00 00 48 00 (Set Window)
0046B:          Data-Out/00 00 00 00 00 00 00 40 00 00 00 96 00 96 00 00 
0047B:                   00 00 00 00 00 00 00 00 0B 00 00 00 10 CC 00 00 
0048B:                   00 00 01 00 00 00 00 00 00 00 00 00 00 00 00 00 
0049B:                   00 00 00 00 00 00 00 00 00 00 0B 00 00 00 10 CC 
004AB: (000048)          00 00 81 00 00 00 00 00 

auto ? = mode 3
00677:       Command    /24 00 00 00 00 00 00 00 48 00 (Set Window)
00681:          Data-Out/00 00 00 00 00 00 00 40 00 00 00 96 00 96 00 00 
00691:                   00 00 00 00 00 00 00 00 0B 00 00 00 10 CC 00 00 
006A1:                   00 00 01 00 00 00 00 00 00 00 00 00 00 00 00 00 
006B1:                   00 00 00 00 00 00 00 00 00 00 0B 00 00 00 10 CC 
006C1: (000048)          00 00 82 00 00 00 00 00 



