BW, 150 dpi

normal
00035:       Command    /24 00 00 00 00 00 00 00 48 00 (Set Window)
0003F:          Data-Out/00 00 00 00 00 00 00 40 00 00 00 96 00 96 00 00 
0004F:                   00 00 00 00 00 00 00 00 0B 00 00 00 10 CC 7F 7F 
0005F:                   00 00 01 00 00 00 00 00 00 00 00 00 00 00 00 00 
0006F:                   00 00 00 30 00 00 00 00 00 00 0B 00 00 00 10 CC 
0007F: (000048)          00 00 00 00 00 00 00 00 

reserve image
0024B:       Command    /24 00 00 00 00 00 00 00 48 00 (Set Window)
00255:          Data-Out/00 00 00 00 00 00 00 40 00 00 00 96 00 96 00 00 
00265:                   00 00 00 00 00 00 00 00 0B 00 00 00 10 CC 7F 7F 
00275:                   00 00 01 00 00 00 00 00 00 00 00 00 00 00 00 00 
00285:                   00 00 00 30 00 00 00 00 00 00 0B 00 00 00 10 CC 
00295: (000048)          00 00 00 00 00 00 00 00 

automatic separation
00461:       Command    /24 00 00 00 00 00 00 00 48 00 (Set Window)
0046B:          Data-Out/00 00 00 00 00 00 00 40 00 00 00 96 00 96 00 00 
0047B:                   00 00 00 00 00 00 00 00 0B 00 00 00 10 CC 7F 7F 
0048B:                   00 00 01 00 00 00 00 00 00 00 00 00 00 00 00 00 
0049B:                   00 00 00 30 00 00 00 00 00 00 0B 00 00 00 10 CC 
004AB: (000048)          00 00 00 80 00 00 00 00 

white level = from paper
00677:       Command    /24 00 00 00 00 00 00 00 48 00 (Set Window)
00681:          Data-Out/00 00 00 00 00 00 00 40 00 00 00 96 00 96 00 00 
00691:                   00 00 00 00 00 00 00 00 0B 00 00 00 10 CC 7F 7F 
006A1:                   00 00 01 00 00 00 00 00 00 00 00 00 00 00 00 00 
006B1:                   00 00 00 30 00 00 00 00 00 00 0B 00 00 00 10 CC 
006C1: (000048)          00 00 00 00 80 00 00 00 

white level = automatic
0088D:       Command    /24 00 00 00 00 00 00 00 48 00 (Set Window)
00897:          Data-Out/00 00 00 00 00 00 00 40 00 00 00 96 00 96 00 00 
008A7:                   00 00 00 00 00 00 00 00 0B 00 00 00 10 CC 7F 7F 
008B7:                   00 00 01 00 00 00 00 00 00 00 00 00 00 00 00 00 
008C7:                   00 00 00 30 00 00 00 00 00 00 0B 00 00 00 10 CC 
008D7: (000048)          00 00 00 00 81 00 00 00 

noise reduction = 1x1
00AA3:       Command    /24 00 00 00 00 00 00 00 48 00 (Set Window)
00AAD:          Data-Out/00 00 00 00 00 00 00 40 00 00 00 96 00 96 00 00 
00ABD:                   00 00 00 00 00 00 00 00 0B 00 00 00 10 CC 7F 7F 
00ACD:                   00 00 01 00 00 00 00 00 00 00 00 00 00 00 00 00 
00ADD:                   00 00 00 30 00 00 00 00 00 00 0B 00 00 00 10 CC 
00AED: (000048)          00 00 00 00 00 01 00 00 

noise reduction = 2x2
00CB9:       Command    /24 00 00 00 00 00 00 00 48 00 (Set Window)
00CC3:          Data-Out/00 00 00 00 00 00 00 40 00 00 00 96 00 96 00 00 
00CD3:                   00 00 00 00 00 00 00 00 0B 00 00 00 10 CC 7F 7F 
00CE3:                   00 00 01 00 00 00 00 00 00 00 00 00 00 00 00 00 
00CF3:                   00 00 00 30 00 00 00 00 00 00 0B 00 00 00 10 CC 
00D03: (000048)          00 00 00 00 00 02 00 00 

noise reduction = 3x3
00ECF:       Command    /24 00 00 00 00 00 00 00 48 00 (Set Window)
00ED9:          Data-Out/00 00 00 00 00 00 00 40 00 00 00 96 00 96 00 00 
00EE9:                   00 00 00 00 00 00 00 00 0B 00 00 00 10 CC 7F 7F 
00EF9:                   00 00 01 00 00 00 00 00 00 00 00 00 00 00 00 00 
00F09:                   00 00 00 30 00 00 00 00 00 00 0B 00 00 00 10 CC 
00F19: (000048)          00 00 00 00 00 03 00 00 

noise reduction = 4x4
010E5:       Command    /24 00 00 00 00 00 00 00 48 00 (Set Window)
010EF:          Data-Out/00 00 00 00 00 00 00 40 00 00 00 96 00 96 00 00 
010FF:                   00 00 00 00 00 00 00 00 0B 00 00 00 10 CC 7F 7F 
0110F:                   00 00 01 00 00 00 00 00 00 00 00 00 00 00 00 00 
0111F:                   00 00 00 30 00 00 00 00 00 00 0B 00 00 00 10 CC 
0112F: (000048)          00 00 00 00 00 04 00 00 

noise reduction = 5x5
012FB:       Command    /24 00 00 00 00 00 00 00 48 00 (Set Window)
01305:          Data-Out/00 00 00 00 00 00 00 40 00 00 00 96 00 96 00 00 
01315:                   00 00 00 00 00 00 00 00 0B 00 00 00 10 CC 7F 7F 
01325:                   00 00 01 00 00 00 00 00 00 00 00 00 00 00 00 00 
01335:                   00 00 00 30 00 00 00 00 00 00 0B 00 00 00 10 CC 
01345: (000048)          00 00 00 00 00 05 00 00 


